David                0000000007 0000000006 0999999999 
asda                 0000000002 0000000002 0000000240 
estetextotiene20cara 0999999999 0999999999 0999999999 
yeap                 0000000001 0000000001 0000000136 
hepst                0000000001 0000000001 0000000120 
Jesus                0000000001 0000000001 0000000172 
marisa               0000000001 0000000001 0000000191 
david                0000000001 0000000001 0000000149 
asdss                0000000008 0000000007 0000001009 
asds                 0000000002 0000000002 0000000240 
xxx